19968
20108
19977
22235
20116
20845
19971
20843
20061
21313
19978
19979
24038
21491
22823
23567
22810
23569
22303
20010
20837
20154
20799
28779
25991
26408
31166
26080
21475
26085
26376
22825
20013
20102
23376
38376
19981
24320
30446
32819
22836
31859
35265
30333
30000
30005
20063
38271
23665
20986
39134
39532
40479
20113
20844
36710
29275
32650
24062
29273
23610
27611
21340
21448
24515
39118
21147
25163
27700
24191
21319
36275
36208
26041
21322
24052
19994
26412
24179
20070
33258
24050
19996
35199
22238
29255
30382
29983
37324
26524
20960
29992
40060
20170
27491
38632
20004
29916
34915
26469
24180
19975
30334
19969
40784
20908
35828
21451
35805
26149
26379
39640
20320
32511
20204
33457
32418
33609
29239
20146
33410
30340
23681
34892
21476
22788
22768
30693
24537
27927
30495
35748
29238
25195
27597
29240
20889
20840
23436
20851
23478
30475
31505
30528
20852
30011
20250
22920
21512
22902
25918
21320
25910
22899
27668
22826
26089
21435
20142
21644
26446
35821
31168
21315
39321
21548
36828
21809
23450
36830
21521
20197
26356
21518
24847
20027
24635
20808
36215
24178
26126
36214
20928
21516
19987
24037
25165
32423
38431
34434
34433
21069
25151
31354
32593
35799
40644
26519
38381
31461
31435
26159
25105
26421
21494
32654
26426
22905
36807
20182
26102
36865
35753
21527
24448
21543
24471
34411
24456
27827
20511
22992
21602
21568
21738
35841
20937
24597
37327
36319
26368
22253
33080
22240
38451
20026
20809
21487
27861
30707
25214
21150
35768
21035
37027
21040
37117
21523
21483
20877
20570
35937
28857
20687
29031
27801
28023
26725
20891
31481
33495
20117
38754
20065
24536
24819
24565
29579
36825
20174
36827
36793
36947
36125
30007
21407
29233
34430
36305
21561
20048
22320
32769
24555
24072
30701
28129
23545
28909
20919
24773
25289
27963
25226
31181
32473
21507
32451
23398
20064
38750
33510
24120
38382
20276
38388
20849
20249
27773
20998
35201
27809
23401
20301
36873
21271
28246
21335
31179
27743
21482
24110
26143
35831
38634
23601
29699
36339
29609
26691
26641
21018
20848
24231
21508
24102
22352
24613
21517
21457
25104
21160
26202
26032
26377
20040
22312
21464
20160
26465
32
96
126
33
64
35
36
37
94
38
42
40
41
45
95
61
43
91
123
93
125
92
124
59
58
8217
8221
44
60
46
62
47
63
183
65281
65509
12304
12305
8216
8220
65292
12298
12290
12299
65311
65
66
67
68
69
70
71
72
73
74
75
76
77
78
79
80
81
82
83
84
85
86
87
88
89
90
97
98
99
100
101
102
103
104
105
106
107
108
109
110
111
112
113
114
115
116
117
118
119
120
121
122
49
50
51
52
53
54
55
56
57
48
