19968
20057
20108
21313
19969
21378
19971
21340
20154
20837
20843
20061
20960
20799
20102
21147
20035
20992
21448
19977
20110
24178
20111
22763
24037
22303
25165
23544
19979
22823
19976
19982
19975
19978
23567
21475
24062
23665
21315
20062
24029
20159
20010
21242
20037
20961
21450
22805
20024
20040
24191
20129
38376
20041
20043
23608
24339
24049
24050
23376
21355
20063
22899
39134
20995
20064
21449
39532
20065
20016
29579
20117
24320
22827
22825
26080
20803
19987
20113
25166
33402
26408
20116
25903
21381
19981
22826
29356
21306
21382
23588
21451
21305
36710
24040
29273
23663
27604
20114
20999
29926
27490
23569
26085
20013
20872
36125
20869
27700
35265
21320
29275
25163
27611
27668
21319
38271
20161
20160
29255
20166
21270
20167
24065
20173
20165
26020
29226
21453
20171
29238
20174
20170
20982
20998
20047
20844
20179
26376
27663
21247
27424
39118
20025
21248
20044
20964
21246
25991
20845
26041
28779
20026
26007
24518
35746
35745
25143
35748
24515
23610
24341
19985
24052
23380
38431
21150
20197
20801
20104
21149
21452
20070
24187
29577
21002
31034
26411
26410
20987
25171
24039
27491
25169
25170
21151
25172
21435
29976
19990
21476
33410
26412
26415
21487
19993
24038
21385
21491
30707
24067
40857
24179
28781
36711
19996
21345
21271
21344
19994
26087
24069
24402
19988
26086
30446
21494
30002
30003
21486
30005
21495
30000
30001
21490
21482
22830
20804
21500
21483
21478
21480
21497
22235
29983
22833
31166
19992
20184
20183
20195
20185
20204
20202
30333
20180
20182
26021
29916
20046
19995
20196
29992
29993
21360
20048
21477
21254
20876
29359
22806
22788
20908
40479
21153
21253
39269
20027
24066
31435
38378
20848
21322
27713
27719
22836
27721
23425
31348
23427
35752
20889
35753
31036
35757
24517
35758
35759
35760
27704
21496
23612
27665
20986
36797
22902
22900
21152
21484
30382
36793
21457
23381
22307
23545
21488
30683
32416
27597
24188
19997
24335
21009
21160
25179
23546
21513
25187
32771
25176
32769
25191
24041
22334
25193
25195
22320
25196
22330
32819
20849
33426
20122
33437
26429
26420
26426
26435
36807
33251
20877
21327
35199
21387
21388
22312
26377
30334
23384
32780
39029
21280
22840
22842
28784
36798
21015
27515
25104
22841
36712
37034
21010
36808
27605
33267
27492
36126
24072
23576
23574
21155
20809
24403
26089
21520
21523
34411
26354
22242
21516
21514
21507
22240
21560
21527
23679
24070
23681
22238
23682
21018
21017
32905
32593
24180
26417
20808
20002
33292
31481
36801
20052
20255
20256
20050
20051
20241
20237
20239
20248
20240
24310
20214
20219
20260
20215
20221
21326
20208
20223
20249
20266
33258
34880
21521
20284
21518
34892
33311
20840
20250
26432
21512
20806
20225
20247
29239
20254
21019
32908
26421
26434
21361
26092
26088
36127
21508
21517
22810
20105
33394
22766
20914
20912
24196
24198
20134
21016
40784
20132
27425
34915
20135
20915
20805
22916
38381
38382
38383
32650
24182
20851
31859
28783
24030
27735
27745
27743
27744
27748
24537
20852
23431
23432
23429
23383
23433
35762
20891
35768
35770
20892
35773
35774
35775
23547
37027
36805
23613
23548
24322
23385
38453
38451
25910
38454
38452
38450
22904
22914
22919
22909
22905
22920
25103
32701
35266
27426
20080
32418
32420
32423
32422
32426
39536
24033
23551
24324
40614
24418
36827
25106
21534
36828
36829
36816
25206
25242
22363
25216
22351
25200
25298
25214
25209
25199
22336
36208
25220
22365
36129
25915
36196
25240
25235
25198
25250
23389
22343
25243
25237
22367
25239
22353
22346
25238
25252
22771
24535
25197
22359
22768
25226
25253
21364
21163
33469
33457
33465
33452
33485
33459
20005
33446
21171
20811
33487
26438
26464
26460
26448
26449
26447
26497
26446
26472
27714
26356
26463
35910
20004
20029
21307
36784
21169
21542
36824
27516
26469
36830
27493
22362
26097
30447
21576
26102
21556
21161
21439
37324
21574
22253
26103
22260
21568
21544
36275
37038
30007
22256
21557
20018
21592
21548
21545
21561
21596
21543
21564
21035
23703
24080
36130
38024
38025
21578
25105
20081
21033
31171
31168
31169
27599
20853
20272
20307
20309
20294
20280
20316
20271
20278
20323
20302
20320
20303
20301
20276
36523
30338
20315
36817
24443
24441
36820
20313
24076
22352
35895
22949
21547
37051
23700
32925
32922
32928
40863
20813
29378
29369
35282
21024
26465
21365
23707
36814
39277
39278
31995
35328
20923
29366
20137
20917
24202
24211
30103
24212
20919
36825
24207
36763
24323
20918
24536
38386
38388
38391
21028
28790
28799
24351
27754
27801
27773
27779
27867
27807
27809
27784
27785
24576
24551
24555
23436
23435
23439
29282
31350
31351
28798
33391
35777
21551
35780
34917
21021
31038
35782
35785
35786
35789
35793
21531
28789
21363
23618
23615
23614
36831
23616
25913
24352
24524
38469
38470
38463
38472
38459
38468
22937
22934
22952
21162
24525
21170
40481
39537
32431
32433
32435
32434
39539
32437
32439
32440
32441
32442
39540
32445
22857
29609
29615
27494
38738
36131
29616
34920
35268
25273
25314
25300
25315
25285
22374
25276
25277
25296
25302
25293
32773
39030
25286
25317
25269
25304
21183
25265
22403
25289
25318
25292
24184
25307
22369
25259
25320
25321
25260
20854
21462
33510
33509
33538
33529
33495
33521
33539
30452
33540
33550
33541
26519
26525
26479
26588
26512
26495
26494
26538
26500
26480
36848
26517
20007
25110
30011
21351
20107
21050
26531
38632
21334
30719
30721
21397
22868
22855
22859
24577
27431
22404
22971
36720
39031
36716
26025
36718
36719
21040
38750
21460
32943
40831
20123
34382
34383
32958
36132
23578
26106
20855
26524
21619
26118
22269
26124
30021
26126
26131
26114
20856
22266
24544
21648
21628
40483
21647
21602
23736
23721
24086
32599
24092
23725
20975
36133
36137
36141
22270
38035
21046
30693
22402
29287
29289
20054
21038
31174
21644
23395
22996
20339
20365
20379
20351
20363
29256
20356
20390
20391
20973
20392
20329
36135
20381
30340
36843
36136
27427
24449
24448
29228
24444
24452
25152
33293
37329
21629
26023
29240
37319
21463
20083
36138
24565
36139
32932
32954
32930
32959
32960
26379
32929
32933
26381
32961
21608
26127
40060
20820
29392
24573
29399
22791
39280
39281
39282
21464
20140
20139
24215
22812
24217
24220
24213
21058
37066
24223
20928
30450
25918
21051
32946
38392
38393
37073
21048
21367
21333
28818
28810
28821
28814
28809
27819
27973
27861
27844
27827
27838
27882
27833
27850
27839
27873
27880
27899
27891
27877
27832
27874
27900
27901
27835
24598
24615
24597
24604
24618
23398
23453
23447
23450
23452
23457
23449
23448
31354
24088
23454
35797
37070
35799
32937
25151
35802
34924
34923
35270
35805
35806
35810
35813
35814
24314
32899
24405
38582
23621
23626
21047
23624
24358
25215
23391
23396
38485
38477
38480
22969
22993
22992
22995
22987
39550
21442
33392
32447
32451
32452
32454
39542
32455
32456
39547
39548
32461
32463
36143
22863
26149
24110
29645
29627
27602
22411
25346
23553
25345
39033
22446
25358
22478
25376
25919
36212
36213
25377
25402
25324
25332
25342
25361
25351
22443
25379
25380
25340
25366
25353
25381
25386
26576
29978
38761
33616
24055
24102
33609
33575
33590
33618
33579
33633
33635
25925
32993
21335
33647
26631
26543
26564
26635
30456
26597
26575
26611
26609
26623
26639
26641
35201
21688
23041
27498
30740
30742
21400
21402
30732
30733
38754
32784
32781
29301
27531
27523
36731
40486
30342
32972
25112
28857
20020
35272
31446
30465
21066
23581
26159
30460
30504
21700
26174
21713
20882
26144
26143
26152
30031
36276
32963
36149
30028
34425
34430
34433
24605
34434
34429
21697
21693
39554
21719
21681
21709
21704
21676
21683
21738
28845
23777
32602
36145
36148
39592
38046
38047
38050
38053
38057
21368
32568
25308
30475
30697
24590
29298
36873
36866
31186
39321
31181
31179
31185
37325
22797
31487
27573
20415
20457
36151
39034
20462
20445
20419
20398
20461
20439
20440
20449
30343
27849
39740
20405
36861
20426
30462
24453
24459
24456
39035
21465
21073
36867
39135
30406
32966
32988
32990
32982
33033
21193
29421
29422
29420
29409
29425
29408
36152
24616
24613
39286
34432
39290
39292
24367
23558
22870
21696
20141
20142
24230
36857
24237
30126
30127
30123
30116
23039
20146
38899
24093
26045
38395
38400
38401
24046
20859
32654
23004
21467
36865
31867
36855
21069
39318
36870
24635
28860
28856
28846
28866
21059
27905
27946
27922
27975
27978
27934
27979
27927
27963
27966
27965
26579
27982
27915
27954
27985
27987
27941
24658
24674
24688
24700
24680
20030
35273
23459
23460
23467
23466
31361
31359
31363
23458
20896
35821
25153
34948
31062
31070
31069
35823
35825
35828
35829
22438
36864
26082
23627
26172
36153
38497
30473
23401
38500
38505
38498
23043
23013
23016
23035
23047
24594
26550
36154
30408
21191
24608
26580
22418
32465
32466
32467
32469
39556
32472
32473
32476
39558
32477
32478
32479
32789
32791
33395
27888
29664
29677
32032
34453
39037
30415
21290
25438
26685
25429
25391
36733
36214
36215
30416
25422
25423
22475
25417
25414
25424
25439
37117
21746
36893
25441
25442
25405
28909
24656
22774
25384
32827
32829
24685
33714
33707
33655
33719
26187
24694
30495
26694
26690
26723
26704
26666
26725
26691
26684
26657
26680
26679
26681
32034
21733
36895
36887
26647
37197
32709
36785
21767
22799
30784
30772
21407
22871
36880
28872
27530
39038
36735
36739
39039
27609
33268
26612
26700
34385
30417
32039
20826
26194
30496
26195
40493
26179
26188
26197
34442
21736
21741
24681
21796
21834
21769
32610
23792
22278
36156
36159
38065
38067
38075
38081
38083
38085
32570
27687
29305
29306
36896
20056
25932
31204
31199
31215
31207
31209
31216
31192
36879
31508
31505
31499
20538
20511
20540
20506
20542
20498
20504
20465
20513
20505
20463
20493
20518
20581
33261
23556
36524
24687
24466
24464
33328
33329
33324
33322
36884
25343
29241
29233
39042
32705
33030
33026
33016
33011
33039
33014
33041
29432
29436
36898
30041
30385
39295
24651
26728
27974
34928
39640
24109
20934
24231
33034
30151
30149
30142
30140
30130
25928
31163
21776
36164
20937
31449
21078
31454
37096
26049
26053
30044
38405
32670
29942
25331
31881
26009
30410
20860
28900
28888
28902
28903
28891
28895
36882
28059
27993
28061
37202
28041
28040
28009
28023
28034
28020
28014
27969
28070
28010
28024
28072
28907
28044
24735
24708
24724
24742
23475
23485
23478
23477
23476
23486
31364
23481
23472
26696
35831
26391
35832
35835
25159
34972
34966
34957
34987
31077
35838
35841
35843
20900
35845
35848
35850
21093
24691
23637
21095
23633
24369
38517
38518
38519
38506
23089
23064
36890
33021
38590
39044
26705
32482
32483
39564
32487
29699
29702
25447
22581
25551
22495
25513
25463
25490
25481
22534
25512
25472
25480
25945
25487
25504
22521
25509
25511
25506
25454
25496
32844
22522
33879
21202
40644
33804
33821
33740
33756
33796
33738
33805
33760
33829
26800
26790
26786
26757
26816
26803
26799
26742
25937
21103
31080
25114
29245
32843
34989
30427
38634
36741
36742
34394
38592
22530
24120
21273
26216
30529
30511
30524
24748
37326
21862
26202
21828
36317
36291
30053
34503
32047
21809
24739
21807
23830
23853
23815
22280
38108
38130
38134
29980
26792
29313
31227
31528
31548
31515
31526
31532
25935
20570
34955
24736
20607
20598
20599
24744
21806
20572
20559
20551
24471
34900
30424
33337
26012
30418
40509
24713
27442
24425
39046
33050
33046
33080
33073
35937
22815
29468
29482
29454
29483
29467
39301
39302
20945
20943
27627
40635
30162
30165
24266
24247
24248
40575
30423
31456
31455
21830
26063
26059
26395
29575
30528
30422
31896
31895
31890
26029
21098
20861
28165
28155
28107
28153
28192
28176
28151
28180
28120
28082
28129
28145
23110
26753
28183
24773
24796
24813
24764
24807
24789
24778
24808
24815
23495
23492
23487
31377
23494
35851
35854
31096
35868
36910
25954
23648
24377
38543
34507
38534
38544
23130
23158
39048
32489
32490
32493
39569
32499
32500
32501
32504
32511
29748
26001
26367
27454
22570
25645
22612
36234
36225
36235
36229
25552
22564
21338
25581
21916
25554
25578
25628
29038
25588
35009
25601
25602
25605
25569
25545
26031
26399
27450
32852
25955
24825
33900
33883
33891
33889
25964
33905
33853
26397
36764
33909
26834
26827
26893
26862
26885
26898
26869
26829
26825
26842
26837
24800
24785
36924
21416
21414
30828
30830
38593
27542
35010
38596
26242
38597
36744
24754
32043
36745
25950
36175
25484
26228
26257
26368
37327
21943
26230
21895
36935
21898
26223
36341
36300
36305
36951
34521
34523
34579
21917
21890
21912
21897
24133
24125
36172
36180
40657
38136
38138
38142
38144
38145
38148
38149
38152
38155
38160
30701
26234
27631
40517
21097
31245
31243
31232
31246
31568
31561
31569
31574
31579
31570
31572
31563
31581
20658
20613
29260
22561
38598
28966
20621
20648
22885
34903
24809
24481
24490
33351
33298
30058
37322
31165
33098
33086
33108
40065
29502
29492
28982
39307
35013
34542
23601
30171
31461
38420
21892
32673
26222
31914
23562
36947
26366
28976
28207
28246
28195
28287
28201
28212
28369
28286
28193
28216
28363
28297
24868
24908
24816
24871
24841
24936
21106
23506
23500
31388
31389
31383
36941
35029
35044
35033
35874
35875
35878
23646
23649
24378
31909
30095
38548
38553
32110
23234
30331
32526
32531
32534
39575
32536
29790
39746
32902
25668
25720
22635
25615
22604
40723
25670
25658
25644
25671
25630
22616
25674
33948
21220
40522
34013
22675
24149
34028
33988
33945
33976
29486
31105
26970
24819
27088
27014
27004
27010
36182
37228
24863
30861
30865
30862
30896
30871
30860
38647
38646
38654
38649
36755
30563
40836
37492
30555
30561
30572
37145
24858
26262
30431
27463
26263
29031
36328
36339
36330
36335
36319
36963
34558
34562
21971
32622
32618
32617
38169
38177
38179
38180
38182
38190
38191
30702
36766
31264
24833
31609
31614
31616
27585
33285
40736
20652
20667
20687
36530
24494
24840
36965
33136
33125
33145
33150
33151
35302
35299
37233
30192
24265
26032
38901
24847
31918
25968
29006
22609
24904
29028
29004
28385
28448
28304
28388
28389
28372
28330
28316
28378
28392
31921
28393
24910
35465
22622
35880
31119
32676
27583
36767
38556
23244
23233
21472
32541
32544
38745
30887
29827
22681
25735
22025
25703
25130
35475
22659
25688
25684
32858
34109
24917
26286
34065
27169
27060
27036
27048
27468
36973
37239
37247
37240
30913
24895
38656
24330
35059
39063
22013
34619
34593
34631
34584
36186
38201
38203
33310
31283
31639
31657
31649
20698
40763
39748
35980
33180
33162
33152
40092
30097
39314
35065
25970
35946
33167
36974
33104
30246
36771
31469
31471
26071
31934
27465
29060
29076
28422
28418
28459
28404
28436
28431
24930
23528
36187
23519
34588
35889
23273
32736
29066
20979
39585
32553
24935
25749
25746
36259
36255
25745
25773
25758
25764
22686
32874
38795
34121
34092
27178
27133
27185
27233
39128
37259
37257
38663
38665
30610
39064
26292
30606
24433
36386
36367
36393
36394
34678
34676
22065
22696
38215
38752
31291
40654
31295
31292
31665
31661
31687
23822
36923
23828
23849
23156
36170
38096
38107
38109
38113
38115
38125
30699
31224
31229
31513
31524
20558
20608
36527
20828
34885
24472
24473
33334
33335
33333
25947
32718
33071
36920
20976
29462
31085
28921
24246
24245
30154
38414
38416
30519
28938
28949
40511
28079
28113
28108
28142
28102
28170
28139
28147
28132
28096
28078
28085
24806
24756
24779
23490
31378
35853
35856
35014
34993
31095
35858
35859
35866
23561
22549
38533
23113
39047
32496
32503
32508
32509
32512
24034
29747
29730
29756
25549
22576
25577
25597
25558
24429
25571
25600
25619
22777
25620
33899
21215
33931
33922
38889
26865
26928
28954
26894
26874
27028
26925
31903
26840
37219
37221
30813
30827
39050
38643
32728
20991
26848
26224
40718
21939
36943
26238
30068
36299
36315
34516
34578
34532
40515
21947
21884
21927
23884
36171
36174
36176
38153
38156
29989
25520
27694
27695
40653
31567
29261
31908
36926
33100
33099
33109
29481
29484
24811
25958
30168
30178
30186
31459
32724
22880
36930
28953
28382
28248
28196
28218
28291
28293
28227
24853
24822
23507
31382
31384
38599
35876
29312
38552
23186
23194
23167
32517
32518
32532
32533
39578
29791
40521
29808
25642
32856
26015
38772
38774
34006
33983
33970
33993
26964
26943
26999
27012
26974
26979
37226
30872
30844
30857
36752
36753
39057
30585
30566
30596
21980
21990
26247
30072
36343
36346
34568
34583
34581
34553
21957
21985
21988
32626
34560
24140
38170
38181
38184
38189
38192
31258
39059
31607
39745
34905
33147
33134
33146
40527
32900
29503
39062
29022
38607
39309
39311
31104
30201
24275
30196
38742
35466
28435
28322
28335
28342
28371
28346
23518
31397
31391
23517
35074
35064
35884
23219
23241
32538
32548
21119
36184
29100
36203
34091
25721
34067
34071
34108
29081
34074
20834
27035
27029
37237
30879
30900
30897
30899
36757
36758
38604
22661
22017
36362
34633
22016
24148
38208
33300
29071
31629
31637
31659
33286
20711
23413
30249
30239
24432
31929
28465
28457
28478
24951
23521
23525
35885
35088
35114
38567
23265
32552
25781
25769
25774
25772
25810
22697
25776
38797
34122
34164
27146
27167
27204
25975
35916
37255
30933
30917
30910
24971
22070
22066
22073
34656
34638
34636
34647
34649
22079
24162
38218
38224
31293
31699
33176
40100
40107
35090
30250
30244
30251
20955
28558
28525
28518
28595
28504
28552
28572
28548
24980
25034
24974
32745
35109
35892
40548
25000
23653
23305
35947
32557
25788
25794
25797
34174
34203
34183
25806
32752
22121
27249
27225
29922
34789
38669
38670
36761
20864
36401
36418
34758
34691
34719
22122
40550
40660
31302
31713
31735
31705
31729
20754
33203
40120
30270
30264
31961
29134
28626
25022
25032
31423
32560
22741
34256
27308
27280
27305
27264
30977
30967
30637
30636
30643
30634
26329
36427
34763
34752
22158
36193
38243
39759
31751
20769
24509
29237
26406
33226
40132
31964
30284
25062
35905
33216
34261
34276
30651
22179
40141
30302
28689
35167
29863
25139
25874
23421
34321
34299
40150
36461
36460
31800
31807
34809
38753
30307
32697
39699
25880
34837
24013
40158
31983
35692
38713
36495
39635
34360
38262
29924
30679
32
96
126
33
64
35
36
37
94
38
42
40
41
45
95
61
43
91
123
93
125
92
124
59
58
8217
8221
44
60
46
62
47
63
183
65281
65509
12304
12305
8216
8220
65292
12298
12290
12299
65311
65
66
67
68
69
70
71
72
73
74
75
76
77
78
79
80
81
82
83
84
85
86
87
88
89
90
97
98
99
100
101
102
103
104
105
106
107
108
109
110
111
112
113
114
115
116
117
118
119
120
121
122
49
50
51
52
53
54
55
56
57
48
