33
34
35
36
37
38
39
40
41
42
43
44
45
46
47
48
49
50
51
52
53
54
55
56
57
58
59
60
61
62
63
64
65
66
67
68
69
70
71
72
73
74
75
76
77
78
79
80
81
82
83
84
85
86
87
88
89
90
91
92
93
95
97
98
99
100
101
102
103
104
105
106
107
108
109
110
111
112
113
114
115
116
117
118
119
120
121
122
123
124
125
126
8214
8451
8544
8545
8546
8547
8548
8549
8550
8551
8552
8553
8554
8555
8560
8561
8562
8563
8564
8565
8566
8567
8568
8569
9312
9313
9314
9315
9316
9317
9318
9319
9320
9321
9332
9333
9334
9335
9336
9337
9338
9339
9340
9341
9342
9343
9344
9345
9346
9347
9348
9349
9350
9351
9352
9353
9354
9355
9356
9357
9358
9359
9360
9361
9362
9363
9364
9365
9366
9367
9368
9369
9370
9371
12289
12290
12296
12297
12298
12299
8212
8230
8240
8242
8243
8470
